30.2
40.7
35.3
28.9
32.1
45.0
29.8
38.4
33.5
20.5
30.2
40.7
35.3
28.9
32.1
45.0
29.8
38.4
33.5
MAC:1B:B2:16:8A:37:Y
20.5
30.2
40.7
35.3
28.9
32.1
45.0
29.8
38.4
33.5
MAC:1B:B2:16:8A:37:Y
20.5
30.2
40.7
35.3
28.9
32.1
45.0
29.8
38.4
33.5
MAC:1B:B2:16:8A:37:Y
20.5
30.2
40.7
35.3
28.9
32.1
45.0
29.8
38.4
33.5
MAC:1B:B2:16:8A:37:Y
20.5
30.2
40.7
35.3
28.9
32.1
45.0
29.8
38.4
33.5
MAC:1B:B2:16:8A:37:Y
20.5
30.2
40.7
35.3
28.9
32.1
45.0
29.8
38.4
33.5
MAC:1B:B2:16:8A:37:Y
20.5
30.2
40.7
35.3
28.9
32.1
45.0
29.8
38.4
33.5
MAC:1B:B2:16:8A:37:Y
20.5
30.2
40.7
35.3
28.9
32.1
45.0
29.8
38.4
33.5
MAC:1B:B2:16:8A:37:Y
20.5
30.2
40.7
35.3
28.9
32.1
45.0
29.8
38.4
33.5
MAC:1B:B2:16:8A:37:Y
20.5
30.2
40.7
35.3
28.9
32.1
45.0
29.8
38.4
33.5
MAC:1B:B2:16:8A:37:Y
20.5
30.2
40.7
35.3
28.9
32.1
45.0
29.8
38.4
33.5
MAC:1B:B2:16:8A:37:Y
20.5
30.2
40.7
35.3
28.9
32.1
45.0
29.8
38.4
33.5
MAC:1B:B2:16:8A:37:Y
20.5
30.2
40.7
35.3
28.9
32.1
45.0
29.8
38.4
33.5
MAC:1B:B2:16:8A:37:Y
20.5
30.2
40.7
35.3
28.9
32.1
45.0
29.8
38.4
33.5
MAC:1B:B2:16:8A:37:Y
20.5
30.2
40.7
35.3
28.9
32.1
45.0
29.8
38.4
33.5
MAC:1B:B2:16:8A:37:Y
20.5
30.2
40.7
35.3
28.9
32.1
45.0
29.8
38.4
33.5
MAC:1B:B2:16:8A:37:Y
20.5
30.2
40.7
35.3
28.9
32.1
45.0
29.8
38.4
33.5
MAC:1B:B2:16:8A:37:Y
20.5
30.2
40.7
35.3
28.9
32.1
45.0
29.8
38.4
33.5
MAC:1B:B2:16:8A:37:Y
20.5
30.2
40.7
35.3
28.9
32.1
45.0
29.8
38.4
33.5
MAC:1B:B2:16:8A:37:Y
20.5
30.2
40.7
35.3
28.9
32.1
45.0
29.8
38.4
33.5
MAC:1B:B2:16:8A:37:Y
20.5
30.2
40.7
35.3
28.9
32.1
45.0
29.8
38.4
33.5
MAC:1B:B2:16:8A:37:Y
20.5
30.2
40.7
35.3
28.9
32.1
45.0
29.8
38.4
33.5
MAC:1B:B2:16:8A:37:Y
20.5
30.2
40.7
35.3
28.9
32.1
45.0
29.8
38.4
33.5
MAC:1B:B2:16:8A:37:Y
20.5
30.2
40.7
35.3
28.9
32.1
45.0
29.8
38.4
33.5
MAC:1B:B2:16:8A:37:Y
20.5
30.2
40.7
35.3
28.9
32.1
45.0
29.8
38.4
33.5
MAC:1B:B2:16:8A:37:Y
20.5
30.2
40.7
35.3
28.9
32.1
45.0
29.8
38.4
33.5
MAC:1B:B2:16:8A:37:Y
20.5
30.2
40.7
35.3
28.9
32.1
45.0
29.8
38.4
33.5
MAC:1B:B2:16:8A:37:Y
20.5
30.2
40.7
35.3
28.9
32.1
45.0
29.8
38.4
33.5
MAC:1B:B2:16:8A:37:Y
20.5
30.2
40.7
35.3
28.9
32.1
45.0
29.8
38.4
33.5
MAC:1B:B2:16:8A:37:Y
20.5
30.2
40.7
35.3
28.9
32.1
45.0
29.8
38.4
33.5
MAC:1B:B2:16:8A:37:Y
20.5
30.2
40.7
35.3
28.9
32.1
45.0
29.8
38.4
33.5
MAC:1B:B2:16:8A:37:Y
20.5
30.2
40.7
35.3
28.9
32.1
45.0
29.8
38.4
33.5
MAC:1B:B2:16:8A:37:Y
20.5
30.2
40.7
35.3
28.9
32.1
45.0
29.8
38.4
33.5
MAC:1B:B2:16:8A:37:Y
20.5
30.2
40.7
35.3
28.9
32.1
45.0
29.8
38.4
33.5
MAC:1B:B2:16:8A:37:Y
20.5
30.2
40.7
35.3
28.9
32.1
45.0
29.8
38.4
33.5
MAC:1B:B2:16:8A:37:Y
20.5
30.2
40.7
35.3
28.9
32.1
45.0
29.8
38.4
33.5
MAC:1B:B2:16:8A:37:Y
20.5
30.2
40.7
35.3
28.9
32.1
45.0
29.8
38.4
33.5
MAC:1B:B2:16:8A:37:Y
20.5
30.2
40.7
35.3
28.9
32.1
45.0
29.8
38.4
33.5
MAC:1B:B2:16:8A:37:Y
20.5
30.2
40.7
35.3
28.9
32.1
45.0
29.8
38.4
33.5
MAC:1B:B2:16:8A:37:Y
20.5
30.2
40.7
35.3
28.9
32.1
45.0
29.8
38.4
33.5
MAC:1B:B2:16:8A:37:Y
20.5
30.2
40.7
35.3
28.9
32.1
45.0
29.8
38.4
33.5
MAC:1B:B2:16:8A:37:Y
20.5
30.2
40.7
35.3
28.9
32.1
45.0
29.8
38.4
33.5
MAC:1B:B2:16:8A:37:Y
20.5
30.2
40.7
35.3
28.9
32.1
45.0
29.8
38.4
33.5
MAC:1B:B2:16:8A:37:Y
20.5
30.2
40.7
35.3
28.9
32.1
45.0
29.8
38.4
33.5
MAC:1B:B2:16:8A:37:Y
20.5
30.2
40.7
35.3
28.9
32.1
45.0
29.8
38.4
33.5
MAC:1B:B2:16:8A:37:Y
20.5
30.2
40.7
35.3
28.9
32.1
45.0
29.8
38.4
33.5
MAC:1B:B2:16:8A:37:Y
20.5
30.2
40.7
35.3
28.9
32.1
45.0
29.8
38.4
33.5
MAC:1B:B2:16:8A:37:Y
20.5
30.2
40.7
35.3
28.9
32.1
45.0
29.8
38.4
33.5
MAC:1B:B2:16:8A:37:Y
20.5
30.2
40.7
35.3
28.9
32.1
45.0
29.8
38.4
33.5
MAC:1B:B2:16:8A:37:Y
20.5
30.2
40.7
35.3
28.9
32.1
45.0
29.8
38.4
33.5
MAC:1B:B2:16:8A:37:Y
20.5
30.2
40.7
35.3
28.9
32.1
45.0
29.8
38.4
33.5
MAC:1B:B2:16:8A:37:Y
20.5
30.2
40.7
35.3
28.9
32.1
45.0
29.8
38.4
33.5
MAC:1B:B2:16:8A:37:Y
20.5
30.2
40.7
35.3
28.9
32.1
45.0
29.8
38.4
33.5
MAC:1B:B2:16:8A:37:Y
20.5
30.2
40.7
35.3
28.9
32.1
45.0
29.8
38.4
33.5
MAC:1B:B2:16:8A:37:Y
20.5
30.2
40.7
35.3
28.9
32.1
45.0
29.8
38.4
33.5
MAC:1B:B2:16:8A:37:Y
20.5
30.2
40.7
35.3
28.9
32.1
45.0
29.8
38.4
33.5
MAC:1B:B2:16:8A:37:Y
20.5
30.2
40.7
35.3
28.9
32.1
45.0
29.8
38.4
33.5
MAC:1B:B2:16:8A:37:Y
20.5
30.2
40.7
35.3
28.9
32.1
45.0
29.8
38.4
33.5
MAC:1B:B2:16:8A:37:Y
20.5
30.2
40.7
35.3
28.9
32.1
45.0
29.8
38.4
33.5
MAC:1B:B2:16:8A:37:Y
20.5
30.2
40.7
35.3
28.9
32.1
45.0
29.8
38.4
33.5
MAC:1B:B2:16:8A:37:Y
20.5
30.2
40.7
35.3
28.9
32.1
45.0
29.8
38.4
33.5
MAC:1B:B2:16:8A:37:Y
20.5
30.2
40.7
35.3
28.9
32.1
45.0
29.8
38.4
33.5
MAC:1B:B2:16:8A:37:Y
20.5
30.2
40.7
35.3
28.9
32.1
45.0
29.8
38.4
33.5
MAC:1B:B2:16:8A:37:Y
20.5
30.2
40.7
35.3
28.9
32.1
45.0
29.8
38.4
33.5
MAC:1B:B2:16:8A:37:Y
20.5
30.2
40.7
35.3
28.9
32.1
45.0
29.8
38.4
33.5
MAC:1B:B2:16:8A:37:Y
20.5
30.2
40.7
35.3
28.9
32.1
45.0
29.8
38.4
33.5
MAC:1B:B2:16:8A:37:Y
20.5
30.2
40.7
35.3
28.9
32.1
45.0
29.8
38.4
33.5
MAC:1B:B2:16:8A:37:Y
20.5
30.2
40.7
35.3
28.9
32.1
45.0
29.8
38.4
33.5
MAC:1B:B2:16:8A:37:Y
20.5
30.2
40.7
35.3
28.9
32.1
45.0
29.8
38.4
33.5
MAC:1B:B2:16:8A:37:Y
20.5
30.2
40.7
35.3
28.9
32.1
45.0
29.8
38.4
33.5
MAC:1B:B2:16:8A:37:Y
20.5
30.2
40.7
35.3
28.9
32.1
45.0
29.8
38.4
33.5
MAC:1B:B2:16:8A:37:Y
20.5
30.2
40.7
35.3
28.9
32.1
45.0
29.8
38.4
33.5
MAC:1B:B2:16:8A:37:Y
20.5
30.2
40.7
35.3
28.9
32.1
45.0
29.8
38.4
33.5
MAC:1B:B2:16:8A:37:Y
20.5
30.2
40.7
35.3
28.9
32.1
45.0
29.8
38.4
33.5
MAC:1B:B2:16:8A:37:Y
20.5
30.2
40.7
35.3
28.9
32.1
45.0
29.8
38.4
33.5
MAC:1B:B2:16:8A:37:Y
20.5
30.2
40.7
35.3
28.9
32.1
45.0
29.8
38.4
33.5
MAC:1B:B2:16:8A:37:Y
20.5
30.2
40.7
35.3
28.9
32.1
45.0
29.8
38.4
33.5
MAC:1B:B2:16:8A:37:Y
20.5
30.2
40.7
35.3
28.9
32.1
45.0
29.8
38.4
33.5
MAC:1B:B2:16:8A:37:Y
20.5
30.2
40.7
35.3
28.9
32.1
45.0
29.8
38.4
33.5
MAC:1B:B2:16:8A:37:Y
20.5
30.2
40.7
35.3
28.9
32.1
45.0
29.8
38.4
33.5
MAC:1B:B2:16:8A:37:Y
20.5
30.2
40.7
35.3
28.9
32.1
45.0
29.8
38.4
33.5
MAC:1B:B2:16:8A:37:Y
20.5
30.2
40.7
35.3
28.9
32.1
45.0
29.8
38.4
33.5
MAC:1B:B2:16:8A:37:Y
20.5
30.2
40.7
35.3
28.9
32.1
45.0
29.8
38.4
33.5
MAC:1B:B2:16:8A:37:Y
20.5
30.2
40.7
35.3
28.9
32.1
45.0
29.8
38.4
33.5
MAC:1B:B2:16:8A:37:Y
20.5
30.2
40.7
35.3
28.9
32.1
45.0
29.8
38.4
33.5
MAC:1B:B2:16:8A:37:Y
20.5
30.2
40.7
35.3
28.9
32.1
45.0
29.8
38.4
33.5
MAC:1B:B2:16:8A:37:Y
20.5
30.2
40.7
35.3
28.9
32.1
45.0
29.8
38.4
33.5
MAC:1B:B2:16:8A:37:Y
20.5
30.2
40.7
35.3
28.9
32.1
45.0
29.8
38.4
33.5
MAC:1B:B2:16:8A:37:Y
20.5
30.2
40.7
35.3
28.9
32.1
45.0
29.8
38.4
33.5
MAC:1B:B2:16:8A:37:Y
20.5
30.2
40.7
35.3
28.9
32.1
45.0
29.8
38.4
33.5
MAC:1B:B2:16:8A:37:Y
20.5
30.2
40.7
35.3
28.9
32.1
45.0
29.8
38.4
33.5
MAC:1B:B2:16:8A:37:Y
20.5
30.2
40.7
35.3
28.9
32.1
45.0
29.8
38.4
33.5
MAC:1B:B2:16:8A:37:Y
20.5
30.2
40.7
35.3
28.9
32.1
45.0
29.8
38.4
33.5
MAC:1B:B2:16:8A:37:Y
20.5
30.2
40.7
35.3
28.9
32.1
45.0
29.8
38.4
33.5
MAC:1B:B2:16:8A:37:Y
20.5
30.2
40.7
35.3
28.9
32.1
45.0
29.8
38.4
33.5
MAC:1B:B2:16:8A:37:Y
20.5
30.2
40.7
35.3
28.9
32.1
45.0
29.8
38.4
33.5
MAC:1B:B2:16:8A:37:Y
20.5
30.2
40.7
35.3
28.9
32.1
45.0
29.8
38.4
33.5
MAC:1B:B2:16:8A:37:Y
20.5
30.2
40.7
35.3
28.9
32.1
45.0
29.8
38.4
33.5
MAC:1B:B2:16:8A:37:Y
20.5
30.2
40.7
35.3
28.9
32.1
45.0
29.8
38.4
33.5
MAC:1B:B2:16:8A:37:Y
20.5
30.2
40.7
35.3
28.9
32.1
45.0
29.8
38.4
33.5
MAC:1B:B2:16:8A:37:Y
20.5
30.2
40.7
35.3
28.9
32.1
45.0
29.8
38.4
33.5
MAC:1B:B2:16:8A:37:Y
20.5
30.2
40.7
35.3
28.9
32.1
45.0
29.8
38.4
33.5
MAC:1B:B2:16:8A:37:Y
20.5
30.2
40.7
35.3
28.9
32.1
45.0
29.8
38.4
33.5
MAC:1B:B2:16:8A:37:Y
20.5
30.2
40.7
35.3
28.9
32.1
45.0
29.8
38.4
33.5
MAC:1B:B2:16:8A:37:Y
20.5
30.2
40.7
35.3
28.9
32.1
45.0
29.8
38.4
33.5
MAC:1B:B2:16:8A:37:Y
20.5
30.2
40.7
35.3
28.9
32.1
45.0
29.8
38.4
33.5
MAC:1B:B2:16:8A:37:Y
20.5
30.2
40.7
35.3
28.9
32.1
45.0
29.8
38.4
33.5
MAC:1B:B2:16:8A:37:Y
20.5
30.2
40.7
35.3
28.9
32.1
45.0
29.8
38.4
33.5
MAC:1B:B2:16:8A:37:Y
20.5
30.2
40.7
35.3
28.9
32.1
45.0
29.8
38.4
33.5
MAC:1B:B2:16:8A:37:Y
20.5
30.2
40.7
35.3
28.9
32.1
45.0
29.8
38.4
33.5
MAC:1B:B2:16:8A:37:Y
20.5
30.2
40.7
35.3
28.9
32.1
45.0
29.8
38.4
33.5
MAC:1B:B2:16:8A:37:Y
20.5
30.2
40.7
35.3
28.9
32.1
45.0
29.8
38.4
33.5
MAC:1B:B2:16:8A:37:Y
20.5
30.2
40.7
35.3
28.9
32.1
45.0
29.8
38.4
33.5
MAC:1B:B2:16:8A:37:Y
20.5
30.2
40.7
35.3
28.9
32.1
45.0
29.8
38.4
33.5
MAC:1B:B2:16:8A:37:Y
20.5
30.2
40.7
35.3
28.9
32.1
45.0
29.8
38.4
33.5
MAC:1B:B2:16:8A:37:Y
20.5
30.2
40.7
35.3
28.9
32.1
45.0
29.8
38.4
33.5
MAC:1B:B2:16:8A:37:X
20.5
30.2
40.7
35.3
28.9
32.1
45.0
29.8
38.4
33.5
MAC:1B:B2:16:8A:37:Y
20.5
30.2
40.7
35.3
28.9
32.1
45.0
29.8
38.4
33.5
MAC:1B:B2:16:8A:37:X
20.5
30.2
40.7
35.3
28.9
32.1
45.0
29.8
38.4
33.5
MAC:1B:B2:16:8A:37:Y
20.5
30.2
40.7
35.3
28.9
32.1
45.0
29.8
38.4
33.5
MAC:1B:B2:16:8A:37:X
20.5
30.2
40.7
35.3
28.9
32.1
45.0
29.8
38.4
33.5
MAC:1B:B2:16:8A:37:Y
20.5
30.2
40.7
35.3
28.9
32.1
45.0
29.8
38.4
33.5
MAC:1B:B2:16:8A:37:X
20.5
30.2
40.7
35.3
28.9
32.1
45.0
29.8
38.4
33.5
MAC:1B:B2:16:81:37:Y
21.05722229503849
31.337298097434537
48.49005008950393
29.6982072203194
19.372876046994367
27.733397287458747
10.043412792105514
26.43337906646844
11.218226557978927
31.997689980336773
MAC:1B:B2:16:8A:37:Y
20.5
30.2
40.7
35.3
28.9
32.1
45.0
29.8
38.4
33.5
MAC:1B:B2:16:8A:37:X
20.5
30.2
40.7
35.3
28.9
32.1
45.0
29.8
38.4
33.5
MAC:1B:B2:16:81:37:Z
40.655895541695216
36.02653657644427
15.257119801192744
30.697528821223734
14.473375333320199
26.799221930842055
28.389203378005014
14.214653925900173
33.64937316592773
48.89715696856286
MAC:1B:B2:16:8A:37:Y
20.5
30.2
40.7
35.3
28.9
32.1
45.0
29.8
38.4
33.5
MAC:1B:B2:16:8A:37:X
20.5
30.2
40.7
35.3
28.9
32.1
45.0
29.8
38.4
33.5
MAC:1B:B2:16:82:37:Z
10.587680540748515
29.962374458552752
26.583268631673135
41.67135743286176
22.914769204388158
49.072193026003454
26.647140775416354
12.509375157162417
18.347819923730228
12.8775427612687
MAC:1B:B2:16:8A:37:Y
20.5
30.2
40.7
35.3
28.9
32.1
45.0
29.8
38.4
33.5
MAC:1B:B2:16:8A:37:X
20.5
30.2
40.7
35.3
28.9
32.1
45.0
29.8
38.4
33.5
MAC:1B:B2:16:83:37:Z
18.841271645866662
43.879064449120655
29.683252405826103
21.433192471182203
46.884941070399854
46.794648755483315
42.93745403244025
19.159136590061813
49.287155141095305
27.259559645745814
MAC:1B:B2:16:8A:37:Y
20.5
30.2
40.7
35.3
28.9
32.1
45.0
29.8
38.4
33.5
MAC:1B:B2:16:8A:37:X
20.5
30.2
40.7
35.3
28.9
32.1
45.0
29.8
38.4
33.5
MAC:1B:B2:16:84:37:Z
16.095805059519112
37.326049415856275
43.98597496783494
35.4228093769096
26.622362510238624
22.404373350966367
33.024475606850196
17.941222370916993
28.17830234224632
21.584855286651795
MAC:1B:B2:16:8A:37:Y
20.5
30.2
40.7
35.3
28.9
32.1
45.0
29.8
38.4
33.5
MAC:1B:B2:16:8A:37:X
20.5
30.2
40.7
35.3
28.9
32.1
45.0
29.8
38.4
33.5
MAC:1B:B2:16:85:37:Z
25.32878641677617
38.25394843256591
17.581763100178776
14.979782655421388
13.190340589727882
11.344791489055059
10.200970139949671
46.7305382945787
22.457643588961766
41.45270765698082
MAC:1B:B2:16:81:37:Z
39.88777746438001
40.416060827128064
47.049125959095015
17.147250702613086
16.12300763677411
32.215165084942576
40.89475855379824
27.682738604784525
36.28836268107338
28.63806868234326
MAC:1B:B2:16:82:37:Z
42.50688737328732
37.392560519460275
23.46314068866445
24.144680660336412
43.88436733075955
42.79684652379922
44.78956060345596
23.76625564319537
15.18655447121185
47.764276066252684
MAC:1B:B2:16:83:37:Z
15.040075252749322
30.45835325788336
13.238469224191064
46.54230146370543
34.62195436121514
24.940349449693187
17.911461541132702
25.85010578863824
26.849913409466566
36.09419528183942
MAC:1B:B2:16:84:37:Z
27.259430636962534
19.93395360040559
24.40943924292109
18.889526189645327
49.745640955547415
29.76272756499249
31.989953454771793
44.759673361361024
48.19980314715679
11.775917449166244
MAC:1B:B2:16:85:37:Z
10.504067173662687
24.698973617282157
25.33820403277406
38.5491259236893
10.469424003648186
14.359340072947182
45.55501756307428
43.80677140863909
44.638519713079646
41.36110403958338
MAC:1B:B2:16:81:37:Z
15.20691519268826
27.908301041491306
12.07546590201848
31.0229343074866
13.927362868342033
37.752139368882254
32.054043451665905
47.22258378727496
45.824256570423614
19.766233998418123
MAC:1B:B2:16:82:37:Z
16.863737197162653
10.577020606467599
46.70441261658019
45.25631111660251
30.46902123393989
17.120751526570675
41.945288609673895
14.715929633058549
47.890776961911115
41.32059402206153
MAC:1B:B2:16:83:37:Z
29.270830893292956
15.008527891832548
15.135554325795045
10.061208639791875
42.0479337154952
49.17924929009181
12.378337942412996
11.813262588197064
39.23142491539173
47.07898749661466
MAC:1B:B2:16:84:37:Z
49.96073350988742
37.569221471708886
47.4991134282993
11.676180121825631
11.543510965862405
27.507890267174176
45.22327890830771
26.95550157531036
45.277334045533344
33.66278796255025
MAC:1B:B2:16:85:37:Z
29.754844922535764
49.86160425655028
22.272211275497533
11.41901597162461
20.015186389096083
17.472114120659064
40.04001480181269
43.16184237536384
32.05679312810844
27.495425821181136
MAC:1B:B2:16:81:37:Z
6.5953801356038175
12.942597219824705
19.712346508780772
25.9375585578034
32.9148923014241
39.9068439799218
46.67777425360379
53.260950590700034
59.79951891105296
66.43433282049124
MAC:1B:B2:16:82:37:Z
6.960295535021163
13.68253185649311
19.785141755940902
26.41175757704009
32.64075216605721
39.063835631080245
45.23432712849586
51.25935319206493
58.240242063071015
64.68067248710211
MAC:1B:B2:16:83:37:Z
6.1244515440384015
12.608248931740764
19.42187680480004
26.088688213688982
33.05919992956334
39.662692499789756
45.82701833466196
52.762675450629054
58.94585314367664
65.48042733883202
MAC:1B:B2:16:84:37:Z
6.534006485091492
12.962633218694744
19.10180910445215
25.45499603489148
32.02543365318141
38.726052677980306
45.04982405677755
51.52123662585667
58.11280737436515
65.0322362441526
MAC:1B:B2:16:85:37:Z
4.827697896394903
9.245939664100812
13.320618039995786
17.97376713424194
22.836801874079043
20.0
20.0
20.0
20.0
20.0
MAC:1B:B2:16:81:37:Z
6.510898244565405
12.701860206948538
19.12594918211947
25.61742462973605
32.20376460124407
38.24094407023909
44.889204317529504
51.28097403981165
57.84660658090426
64.04896995375239
MAC:1B:B2:16:82:37:Z
6.956429791172914
13.425498080345312
19.43165947496691
25.641148568363008
32.2488311911994
39.237312322568926
46.14786488603978
52.60629587435558
59.199626565932945
66.01201087365688
MAC:1B:B2:16:83:37:Z
6.866240328601239
13.368128960358693
20.325683032063026
27.14897517888624
33.4967841713213
39.79339604365218
46.755550116768774
52.8942399592452
59.18374999562032
65.5156259584092
MAC:1B:B2:16:84:37:Z
6.490781217563533
12.926787149801655
19.310331638435187
26.263999561354552
32.93465199865035
39.5610000595414
46.18592195852065
52.70721771207145
58.80491147920147
65.60137333546172
MAC:1B:B2:16:85:37:Z
4.475730489604598
8.98722408286363
13.948324722672655
18.30193809527164
23.1551812711011
20.0
20.0
20.0
20.0
20.0
MAC:1B:B2:16:81:37:Z
6.454622604730313
12.75192738469291
19.236774061066285
26.045410420652814
32.39992837603133
38.767659391064505
45.539607028864936
51.86469704124005
58.37175517412002
64.87263122094059
MAC:1B:B2:16:82:37:Z
6.975412487105475
13.263146798556841
20.041418268449366
27.009726835433405
33.289429081782885
40.26440188174705
47.18766745077086
54.16190120632674
61.02881830498761
67.33726337143675
MAC:1B:B2:16:83:37:Z
6.901727656975869
12.920498502608133
19.021298913315242
25.598806487499388
32.26403672002533
38.83061545516547
45.66901654817842
51.87501785299988
58.55359923885076
64.57454667965568
MAC:1B:B2:16:84:37:Z
6.266746452852519
12.89857731517338
18.934724902270112
25.125080148035188
31.97507670312608
38.456293578778585
44.863174698264594
51.17458326494317
57.85573562392296
64.1044490540631
MAC:1B:B2:16:85:37:Z
4.29528005997073
8.625407285791159
13.516683882113828
17.588232932066514
22.407091309321856
20.0
20.0
20.0
20.0
20.0
MAC:1B:B2:16:81:37:Z
6.738193677854362
13.124722432123882
20.025116353747016
26.951771872949017
33.659751469982695
40.2697145995036
46.487754057662755
53.37601361285847
59.567264555273574
65.95797645759113
MAC:1B:B2:16:82:37:Z
6.369175287384568
12.962907267149282
19.274550879334797
26.02481819895977
32.93583724625921
39.875767307670905
46.82345754414437
53.5813728372122
60.57468103616106
67.13786724677742
MAC:1B:B2:16:83:37:Z
6.625615786386687
13.287834897875955
19.519926864586623
25.94684801643921
32.734405461333026
39.47002802230402
45.92333071631077
52.777396768969346
59.093614534991346
65.54359459965312
MAC:1B:B2:16:84:37:Z
6.119559165835775
12.989824722941506
19.368781394828982
25.661531410381137
32.237790197863035
38.77963476698834
44.786931940590264
51.37642753490368
57.47461420726144
63.56525983134218
MAC:1B:B2:16:85:37:Z
4.040498524322836
8.071043157963915
12.469038363699255
17.316355973677776
21.69612473663962
20.0
20.0
20.0
20.0
20.0
MAC:1B:B2:16:81:37:Z
6.540214246084565
13.320118592929642
19.737049016684875
26.077332208830608
32.27308272011712
39.14708612724382
46.1016576354041
52.546132230333555
59.22870610951505
66.17633710655885
MAC:1B:B2:16:8A:37:Z
49.193603859119655
14.41339212983031
27.880264677235544
37.045987328820424
49.7683527520767
39.34489051691306
36.21148125346721
18.06780988499819
46.330521506190976
10.828559789872187
MAC:1B:B2:16:81:37:Z
6.7829830851817
13.0492226906176
19.124086110871048
25.799569215104466
31.883371494568294
37.89934773893348
44.581767224065416
51.38057764844865
58.0669294925798
64.27977083072633
MAC:1B:B2:16:82:37:Z
6.376910608371647
12.444894294615484
18.586049613467814
24.743243271822053
31.688583245296456
38.65792068517215
45.36462004385204
52.323983935479575
58.41779441689422
64.85495550468447
MAC:1B:B2:16:83:37:Z
6.6183373594650465
13.488552634540618
19.590050457571586
26.135078483435773
32.62328957493251
38.9663544476096
45.441244753805606
52.06359008393002
58.429628364171336
64.72304823804114
MAC:1B:B2:16:84:37:Z
6.215594776549961
12.620959888012887
18.95891240762255
25.061523912833543
31.291688605070526
37.518025775417954
44.343890550943286
50.40991927542852
56.72796070170838
63.10599352230361
MAC:1B:B2:16:85:37:Z
4.708633067251211
8.807185800877399
13.390811354659498
18.044966546294933
22.146649829931867
20.0
20.0
20.0
20.0
20.0
MAC:1B:B2:16:8A:37:Z
24.65167536661689
45.538053288227275
49.705335137317846
34.09883344844773
12.07344061764939
10.102848068061117
34.80679939265147
26.216132358277044
33.21844066571984
32.46036228471809
MAC:1B:B2:16:8A:37:Z
16.86370259747318
25.263163854251786
14.7149681544541
39.70800298444328
26.326916887099916
33.13309494824463
10.034247390561596
32.02456197011196
10.53665180396834
43.878337484414104
MAC:1B:B2:16:8A:37:Z
14.00523035590735
30.731845681580317
23.867297312103737
15.816012335811035
46.43430849493959
25.93181283830802
35.294110801862516
41.31483930769874
41.159986862309566
34.237131584384485
MAC:1B:B2:16:8A:37:Z
18.973121243535665
46.226650795164666
40.83411217164756
25.843403447466255
22.314238558129126
45.15866869532703
23.33341763504171
43.48027846824095
25.8034282006542
35.63596827312736
MAC:1B:B2:16:8A:37:Z
38.14603039008487
20.02197873803911
18.371823375442943
24.460855907605485
11.134980579958743
30.570361003546225
39.71379968668518
39.2525594784054
18.58574669033271
21.123378702262634
MAC:1B:B2:16:8A:37:Z
34.2121579508979
47.05715037782207
26.60687059735817
47.779614575908205
43.110795669545915
31.217283305826573
39.04787119589358
25.313101966439465
37.89767357605446
39.44458388425772
MAC:1B:B2:16:8A:37:Z
18.11196197909687
42.21579140646699
42.7817233706678
22.820953455778792
13.175133670673539
45.85403260661756
21.14383010345652
10.551674180614668
47.809659679627494
33.77573599987542
MAC:1B:B2:16:8A:37:Z
26.783384127789315
11.432559579234507
12.933247128106071
49.893057247659385
17.2196347911764
33.83691931743459
14.985753627539555
28.944219058600027
46.74062093552494
22.79191303807845
MAC:1B:B2:16:81:37:Z
6.698899322495177
13.530830251558879
20.126820953458957
26.433036786436922
32.71395112671598
39.570594280077955
46.33667799592985
52.557165593789385
59.13586216856056
65.43315741618567
MAC:1B:B2:16:82:37:Z
6.914700865741268
13.607564892796859
20.272599292285065
26.74111373970007
33.17544259883415
39.924881620120395
46.76265329804444
53.1592355949554
59.89839286306863
66.31104417319648
MAC:1B:B2:16:83:37:Z
6.000069808740428
12.978595083438059
19.63413720415437
25.80275349022719
32.78683992805787
39.46791635467159
46.3947034208418
53.05898351014221
59.4460869671244
65.45716941766447
MAC:1B:B2:16:84:37:Z
6.244819670491791
12.780275200338991
19.569375046889256
26.17999848807681
33.06384607618118
39.57888779742738
46.1045487829199
52.73452130544338
59.455314243679524
65.99249558646346
MAC:1B:B2:16:85:37:Z
4.124457678629381
8.456928153619803
12.509271702155411
17.041111179050358
21.058300864584453
20.0
20.0
20.0
20.0
20.0
